7117
3815
0
5295
1350
6699
230
235
7949
4087
4561
9095
8218
9427
8217
3292
3891
1448
2603
5875
7171
7205
1230
9147
8863
4706
8823
5550
2122
5702
9552
9979
8362
4997
7032
3854
8126
5486
3933
8840
2463
5190
6501
244
2697
3575
6061
338
6293
7969
2677
9355
6687
9586
2278
2748
9158
3036
9055
1559
4730
3907
4398
5561
9287
660
8145
9572
4248
9798
5462
7034
4308
6300
9004
7584
4792
9736
1581
6111
8390
4762
4127
3220
7103
4235
2777
7337
7714
6420
6460
4775
6590
715
7106
7560
5445
8703
5241
8263
9562
1761
3030
4869
2947
8946
5097
2338
8518
2139
9421
8652
9544
9498
5013
3449
7288
5555
8344
329
2988
1781
8039
503
366
6432
9341
3458
3054
5958
6849
615
208
1928
6805
3135
7788
3585
5612
5671
2297
4334
7812
3846
5208
5232
1297
8955
7002
9838
2878
9063
5736
6665
1582
2256
5858
7404
7501
2510
1273
2984
7359
8809
4272
9026
5963
5689
845
5157
8151
2676
3128
2054
8043
3158
5302
3849
2184
4870
468
9260
7361
4046
1119
1580
2472
5133
6073
3969
7937
9087
3897
5364
5646
787
2166
2058
4191
7006
9286
6229
7233
6112
8331
579
1731
3591
3823
5977
921
9543
3008
3401
8678
1933
6780
9480
829
4344
6009
4135
7565
817
3424
8793
7820
3959
4543
2537
7674
7304
8529
3966
6673
9262
7173
473
4845
20
3993
5832
9171
1125
7535
4663
7058
6739
9261
8869
4314
2405
3372
9440
9864
9976
5714
4603
1708
3606
189
608
6474
1784
5322
6108
5397
8876
8116
4714
3082
163
3552
4206
9432
1294
4994
8856
5501
221
5591
3701
7853
6583
5485
6528
2655
8631
7183
6606
8206
207
7148
8883
5220
4936
5305
3985
1419
6796
4065
6621
1532
1024
5019
9224
9779
5446
5978
8961
2968
1068
3964
3956
2389
757
7073
9452
1113
746
8131
2568
9916
1691
6216
3587
5912
8595
5728
9844
3712
5773
7588
6394
8279
6088
5678
6756
976
9197
5694
4903
4871
482
8030
9117
7135
8152
3003
7366
3833
1740
1219
127
9250
2449
1937
8945
7671
5444
5318
7492
1549
6713
5791
5918
863
8189
7619
4621
2622
44
8829
5509
4884
144
3722
4653
3529
6063
9461
1695
2203
6368
3306
3304
66
4610
3915
3350
6265
3674
2584
1750
2588
9366
6734
8187
8107
9126
6399
8747
9180
1935
6479
4101
8759
3991
9962
481
9594
4099
6157
3592
9347
1058
5111
1913
153
8285
6857
3115
1536
8382
850
7443
6243
719
8209
7859
3976
2891
7256
3558
1799
8523
7583
9356
125
5552
7556
7687
9477
2952
8430
7868
4245
2739
4092
6600
3579
4960
1780
1033
821
9042
9384
9016
2323
3033
6499
2080
8641
8407
2893
5453
3598
1378
4659
4074
7325
769
4778
7932
6093
1737
6489
525
6351
8646
8186
438
9408
8873
886
377
1179
4451
2015
9614
4833
5276
4365
3734
9066
2814
1886
4368
1115
708
1514
4945
8100
419
7054
6520
7824
8029
7277
238
261
403
6650
9561
878
5247
7922
3642
4076
4362
4487
1047
8672
2768
312
9546
5594
3454
2052
4084
213
6521
7766
9479
2295
5366
3611
2007
5335
9870
6622
1839
7281
3279
9194
3476
5300
4190
3001
5497
1533
9842
5500
8115
6651
6423
27
1861
868
3373
6504
4908
9534
6296
2797
5017
650
2851
1137
4307
526
61
1202
7729
1364
9742
1049
5666
4448
8168
3698
6934
8572
3564
4396
6005
7888
7078
8287
5448
12
789
7816
7984
4719
9223
8459
7068
8118
9193
5066
9748
2227
3314
686
8704
7311
6738
913
3420
3086
8855
5730
183
3087
700
4842
1675
1907
5515
8674
3847
5980
8952
9097
6182
6719
7166
8426
3759
4188
9494
7189
2681
8485
7121
4395
1019
974
7062
7469
4452
4232
9424
1196
5999
7323
3402
2723
5936
5933
7266
955
7829
5710
2667
4229
3308
1446
3139
5413
9631
1082
1963
4853
7154
6034
5982
5279
2105
313
7455
4674
3406
22
633
8811
2905
8483
7593
4215
7706
6563
4389
6483
4638
3253
7881
4349
3471
8779
3486
730
3495
4000
9317
7116
5291
4875
8235
7658
1397
8422
3957
2562
2624
6954
3755
3805
5540
9765
7736
6311
9453
320
1688
1512
7050
8738
1802
6987
3717
2927
3544
151
8250
2090
9772
6551
2119
5781
415
3453
3910
4483
3622
9512
3251
3630
8099
8170
7908
9068
1083
4641
7091
826
3240
6039
8719
4740
3236
2373
8503
4805
7414
9792
4035
8656
6251
9554
4496
8764
7717
7264
6287
6920
3201
5871
9274
3430
7898
8979
991
7072
4711
5227
9939
3916
3795
6524
3180
8612
985
5615
4972
2120
430
3482
3571
322
7551
6668
3524
4758
9487
7010
6168
7059
2246
7482
5293
1732
6573
4256
8386
1653
6276
386
431
8878
7387
9336
3071
4665
5209
9920
4767
5398
5260
9833
8622
514
5193
3643
8194
741
1263
7738
7704
2705
4924
2831
8020
6565
6302
5321
9110
9731
7322
3523
6125
8760
1706
3492
2533
2617
1676
2747
421
4370
6548
8553
7604
9524
7083
5588
1713
2346
7142
2755
3828
9298
5639
6534
2039
2344
3648
5866
7848
7418
5165
3241
4170
5129
4909
1605
8709
6616
3539
4179
7578
6345
1003
1288
5889
2249
5798
7948
9933
8964
3221
3928
1727
4202
1862
5959
2689
8076
6793
393
7046
813
3282
327
8232
336
6105
1641
8337
2583
8686
5093
90
7650
6505
6908
9574
9423
4117
8653
1079
5181
3223
6560
9318
6018
2771
3527
3109
5645
4704
4090
5422
2276
5159
4968
375
7880
3043
9735
279
5024
7055
4037
9061
8069
1169
2784
5574
9241
9931
891
7576
9530
5336
9795
4710
8815
6775
2451
9122
2008
6224
8801
574
5174
7398
8649
3173
9655
5109
701
2383
1510
3120
5941
7643
1828
8513
1424
6680
9887
7031
6435
6891
6695
1651
4961
3731
5849
7464
9049
5460
2306
2543
4189
7100
9538
3852
25
1900
8500
5668
1320
7235
1715
318
3411
6938
6997
8926
8258
7193
692
1814
8188
2059
4676
2464
5263
3586
175
317
8182
9310
7603
4910
4183
3046
3970
23
9295
5294
8228
4992
1337
8283
6816
5056
3384
457
3747
9052
9456
1943
1922
7124
4569
6325
3483
137
3808
7884
1819
3954
5205
3863
5172
1634
1864
8645
5421
8128
8282
4289
6372
720
4575
8343
3604
2476
7201
6407
6882
1032
9014
5290
6594
9173
1759
970
7790
7883
5376
5840
4199
645
7976
5226
2041
6333
9881
8236
7591
8541
6709
7223
8735
6860
573
7413
9908
510
2505
1855
1356
2925
8335
6298
7191
6576
9166
1036
2097
310
4312
288
4291
6782
5076
7079
2969
1787
7099
443
3788
6494
9143
7532
4772
5795
8416
274
7572
2985
246
9220
3107
4260
5467
6635
2574
9766
6874
6928
6365
1701
1029
9277
1157
2427
214
9229
5898
8373
136
8978
228
14
6615
1654
6774
4143
3904
5158
5358
6913
241
1346
2303
9435
6357
4598
8673
6123
8124
5356
4507
679
9398
2384
4765
8565
6542
3885
5755
1361
5327
9669
1039
6449
5705
7765
9701
5692
6215
1292
2612
1509
9489
3543
6078
607
1970
7208
1680
2470
5703
5312
3623
9927
5894
7601
9809
8380
3663
41
6672
349
3242
9151
5782
206
3340
6844
1417
3732
5586
3012
2424
8810
2025
751
6764
5964
3029
4612
8737
1518
8530
1056
9969
5482
8129
2488
2656
7226
4297
4888
2365
5349
1034
7247
8559
8647
6470
9684
2531
3817
4978
1584
5478
6952
5090
6177
5910
2182
1444
6324
3813
3772
539
4918
1847
9619
7552
4974
7390
1939
9585
8928
2740
1048
7001
5379
9283
2579
5016
7657
6603
7459
7863
6588
9036
1526
9012
6613
5244
8654
1820
6514
9984
2636
4310
8165
7133
106
7767
849
198
2722
5386
363
6307
8598
7759
6809
546
2840
5452
4233
3006
1992
2271
6193
1616
8046
1005
7746
9079
1159
9378
3578
5477
306
3479
8623
1973
123
6035
5352
793
5687
1690
4277
9707
9281
1252
6361
9442
6902
9476
5039
8830
7284
8018
5819
223
2979
5545
3809
1326
9125
9324
6467
7543
907
2121
8435
6813
1682
6532
3207
2021
819
1989
1889
2959
1388
2214
875
6862
3945
2339
368
442
8609
3154
3189
1994
4879
8938
3560
8834
3848
8474
7996
1789
2189
3697
862
7681
185
7830
5553
6703
7672
4109
623
8238
1205
9517
893
2785
494
4461
3984
9637
9509
1840
7925
2047
32
3196
4317
4585
3509
4459
8752
2258
8773
8989
882
3278
5021
7009
6682
7262
682
6045
2642
2225
1400
7373
9780
1152
2653
5182
5569
5620
703
4987
4379
4264
4946
9114
1088
1696
7379
8289
9358
8874
8437
6149
7933
3388
5735
6609
7935
1166
1642
1020
2575
2092
9690
3839
7431
1332
5551
3626
7399
8696
8257
7802
9694
7104
3480
9428
5962
9722
1409
8970
4285
5741
8036
5684
6772
6725
4278
2454
2970
2327
542
2600
7029
9495
7228
1165
7838
9542
7720
8627
5204
6471
4672
7990
9460
4658
9438
63
6478
1911
4947
217
426
9525
5378
9393
9217
2811
4332
4897
9616
9415
3016
5534
2429
8538
3475
3349
1155
5249
658
1344
9856
2358
6131
7212
6376
2201
9579
1573
8956
4007
3605
5547
3114
216
4549
5200
1316
3968
9269
880
4559
8317
5776
2571
5533
7516
9081
7126
8695
7018
4737
716
832
8351
1753
3398
2337
4556
8932
9659
6244
2083
6040
5693
8070
6305
1284
3540
7515
2064
5479
4040
5110
192
6986
5556
2798
5078
7561
743
9563
1487
771
2197
4698
2177
9750
5224
4627
2162
9402
8057
8951
9140
7064
4336
463
6371
6833
7215
9313
365
8381
8575
5326
6096
7602
2838
7092
2159
6930
3727
6662
6694
7798
2890
6675
5947
5864
7334
1278
3004
3459
3307
8846
2821
1226
1923
3421
2126
8519
5667
2842
3995
1231
3310
2442
2871
7761
1174
2756
2647
9879
778
5572
1925
2806
7015
3763
1203
4077
3323
9397
4433
3944
7772
9778
2496
8912
3067
2244
8903
9506
8968
1772
1457
6155
7748
2517
6445
1674
9500
5943
8429
7596
233
7145
6595
9354
1141
960
2631
4259
1952
4337
1189
3338
9430
2786
466
4594
5794
5535
4073
8368
5532
2466
8744
697
1879
4372
6457
5870
4690
6404
2196
7595
1384
8040
171
9907
2657
298
4540
9800
2026
5202
1319
6017
2281
4300
521
536
8364
8246
9796
6940
1242
5863
7196
5048
5126
5457
4856
1711
2886
2086
1355
3838
3773
1290
2440
9376
1438
1192
4855
2923
6212
7503
7664
9626
3996
6070
1265
4850
8777
9136
2641
5652
2845
6716
1318
870
1575
7589
5650
8886
9231
3930
6951
4282
4423
2018
4414
2975
3389
871
1021
9377
5498
8516
4132
4817
4397
8766
718
1962
3380
9940
7089
9985
975
532
2198
8910
9189
9192
2094
1765
6666
392
731
7374
4787
3137
4959
9258
4404
3165
7232
3678
940
93
5023
4582
1762
6526
7770
6866
1447
7649
8591
3293
6266
470
5473
1394
9504
9082
2111
7992
5634
7673
961
5803
1501
6921
1869
4466
294
1793
1866
1103
2557
9746
5139
6683
9243
6213
1396
8558
4407
6869
1383
159
7886
5215
9820
3339
9781
6705
9537
4222
9041
9982
9308
3657
1310
6513
4421
8821
8669
8011
3248
1996
9930
559
9387
3319
5240
2317
6194
9911
7449
3369
4742
2507
7037
3147
1985
3261
5766
4770
9322
5647
7329
7864
6415
3756
8581
8494
250
1061
6963
2580
1599
7646
5223
1276
9946
1723
82
1445
1845
7450
6746
2181
6848
2578
1517
3177
1142
4226
1000
8710
2887
9429
3299
5734
7586
3874
6839
8044
3415
8255
3594
6599
879
5149
3035
5727
5641
744
8633
8901
8432
5297
5088
343
1449
7504
4429
5401
8110
6924
3229
9532
6142
3193
7855
2260
4760
8414
8180
3170
9531
2131
6164
205
4705
1949
8776
6037
5778
2188
6991
117
6689
5670
4360
1671
4363
132
7409
1887
8948
120
667
4021
9921
7981
9710
948
3837
5370
1078
500
8984
5688
4998
4583
9990
2549
4015
6405
794
2081
4443
8363
3935
3690
3889
7509
4723
7631
1046
2088
2500
5527
2503
5367
2803
3911
4773
6047
571
540
7242
2108
449
1463
7973
8920
8898
6476
6485
158
6549
3987
3601
2853
9691
2515
8065
5513
4904
4463
4386
8385
5733
1808
4364
5328
8888
3973
2499
1097
858
1377
8412
6203
8233
1074
3399
6822
8940
1368
636
5681
243
161
7260
2606
2945
3366
624
4565
1972
5150
9782
4424
6382
4165
3730
6094
5511
3513
9198
8453
5635
7477
4629
6585
1331
9405
9244
2707
5288
4208
726
1485
9236
7043
472
1498
4146
9088
3334
7682
7839
8270
9472
1289
100
7907
1656
7417
2402
6310
3228
1051
149
7303
584
8552
6533
4388
5570
6452
9661
4896
4258
6274
3362
8532
8714
4004
8204
1530
2928
2812
5685
1506
2720
6903
634
2099
3934
2386
2233
9232
5307
8254
1156
3931
1217
5856
6767
418
2211
6402
4964
2513
8203
7703
3108
2728
1043
1770
3474
6012
3007
1357
2693
7081
9385
1730
1442
3355
5740
6117
9727
9715
7338
8315
2929
9793
1429
5360
7951
4177
5020
1410
5626
2171
8843
5207
5009
7585
4527
5008
8159
2457
7502
7491
9448
513
6781
9618
9944
1004
2392
81
8226
8688
9419
3247
2935
2592
967
7688
4568
5948
6753
5026
969
4394
4468
1764
3724
4216
9956
7377
5412
1940
565
2971
4302
8191
9092
3130
3776
9558
4542
1483
1611
5440
6082
6906
6559
8355
6254
3146
1548
7728
2481
4330
3566
7253
4862
9966
5954
8009
464
4138
4800
6932
8066
1554
3507
6955
1195
9462
3835
896
2866
9583
2508
8340
2149
7488
3573
7844
5372
4058
4036
1995
7622
885
383
7292
9491
3906
7422
1639
5011
8307
7393
1178
8322
9034
2150
9100
5696
141
9345
6174
1246
3844
4866
3125
5177
1308
1893
4803
8281
2314
8533
8247
1002
3118
1905
5246
6475
6949
3330
7406
5070
2682
5389
2859
3106
7781
8913
3263
8671
1271
7626
593
2980
1323
9958
7716
2117
7783
6808
689
9968
9124
220
5059
3990
8576
4623
4969
5966
1077
422
4231
7634
291
242
8241
3992
8583
7694
5877
6643
1825
8905
2161
5392
6806
3032
7339
4551
4236
2796
8462
2940
3528
666
5127
9503
3347
5953
8743
255
5112
5229
9559
8563
4577
7474
8852
6350
1648
1006
8987
6354
7467
462
9970
7112
6225
2485
2837
5080
3238
8761
9382
9834
1981
1528
4134
4673
1694
5035
816
9422
8114
9148
9188
6740
5007
4881
7906
1846
9417
2521
4644
5458
9409
9024
2434
219
764
8418
9539
6732
8634
8849
47
1551
1268
7345
1307
6294
4078
2527
3442
1960
4107
391
9526
5648
9072
5627
2027
9020
8121
364
693
4453
7185
6257
1785
7977
535
3942
1884
599
6450
807
6367
3447
2581
4697
3216
1274
811
2357
7356
8942
6446
3131
8637
2417
5475
4573
6871
3893
6491
5089
1469
9156
11
3149
6726
4670
1716
7849
3506
9357
7249
9493
8899
8245
211
3397
1418
3121
9980
4505
7493
3563
3774
8119
5516
6220
8216
1757
268
5146
1888
2619
1038
8047
8780
6172
7385
8243
8090
4891
1298
1967
580
6604
851
8058
1863
8871
941
3296
7498
1567
7993
1214
5308
8088
3939
9928
5428
39
7471
9492
1198
7381
263
7809
8786
231
9859
2532
884
1558
8716
4175
6644
8670
785
6016
9084
4378
9023
9474
4867
9182
3997
6235
9102
7707
5254
9145
5332
656
3202
5342
5824
7663
3163
6827
606
1848
1348
5255
6463
2490
2906
5880
4837
447
8682
8164
3660
5148
8374
2934
5142
2057
7102
9134
1950
6581
7003
8162
1121
5942
6743
1508
8531
1543
4619
9389
3803
264
1741
2590
5949
9861
8306
9301
3104
8342
3532
2644
9275
7942
4112
6341
9032
9051
5677
6918
2650
1951
1895
2349
1477
2511
4353
1128
7446
9590
5721
558
4579
60
6580
9582
7267
3627
3672
104
2037
4
6374
6211
2354
7408
8489
145
814
6584
4852
5455
4082
5393
6010
6440
5625
9190
3124
3206
822
4286
7428
9892
3066
1075
4268
7314
2143
3659
9822
9328
8063
2132
3787
7699
477
4102
5338
2758
2977
5503
1144
6466
7204
2551
5198
7834
7635
1120
4620
6253
1885
8171
62
6863
1620
6496
7662
7042
1030
7217
874
398
8614
2762
9573
9555
2020
3417
3535
6192
3841
2516
4351
416
4411
755
5292
2079
6999
8879
1241
1809
4781
4359
6735
4381
3967
6259
6634
8410
7386
6812
4857
6763
2715
2062
6198
7437
2031
6315
3568
8071
4523
635
9132
4280
2870
958
3951
4593
6451
1452
72
194
7053
9973
5859
1493
5616
990
8999
7457
4470
1505
9139
4732
446
4292
55
9499
1066
5353
333
3746
8619
2063
8517
3664
8293
1941
7169
2034
812
3129
2455
4152
5334
4321
5952
252
9575
9649
1490
5624
6006
257
9457
4545
6592
6850
459
4917
5380
2456
842
2630
5726
3245
3878
1403
7861
6820
5911
5580
5610
1180
7789
6601
5630
2604
3318
3136
9307
7131
5531
5492
6389
69
3525
637
414
905
7974
5526
4796
6937
7889
8427
9254
8223
6020
8048
7804
8467
8969
5763
6207
4079
809
2847
5576
9608
6050
283
33
126
6353
1947
3487
2112
1353
8535
6610
42
7987
122
6484
7246
3666
9073
8992
4628
2204
678
6201
1815
7430
677
8959
2178
9312
853
1339
3387
9605
2380
7625
73
479
6490
2701
5425
8540
6605
6632
1516
7633
381
4795
4140
2216
1194
2920
515
4057
7365
4639
4318
4570
9704
8522
7156
6261
9170
4944
8089
6281
9922
7623
7966
4826
8259
4387
7713
9413
903
3888
7712
1122
7986
9739
1146
4810
7511
5649
5465
2377
8356
8804
9380
4920
2598
2781
3502
1938
2266
6792
1633
1748
1065
6036
8900
1243
412
7214
8990
7144
5049
6754
2696
626
285
6380
5747
7776
1351
7030
9836
8117
4615
8402
1686
6306
1027
1247
9206
1253
1232
8185
1211
4956
5171
5981
453
1175
3315
427
1050
3802
8546
7817
8658
4240
6733
456
9680
8137
1868
984
9490
5388
8272
8832
2043
2609
8214
604
1280
8081
7120
6641
7769
3466
2835
1576
3514
9700
5833
269
8988
6308
6443
1908
4417
1285
3285
195
3133
4251
7272
7341
1588
4410
7758
4798
9203
7159
6312
8963
4313
7258
6698
7581
1467
920
7052
3632
3999
6126
7179
4437
6915
2220
9293
8473
4034
6218
9839
835
931
6175
8770
2749
105
3353
3088
4643
7991
9717
5606
7550
7285
6527
1009
4211
1627
4257
4113
2608
7216
1832
9989
5469
7047
3441
7022
3819
8877
4126
8098
6107
339
8487
873
4010
5403
8049
8056
523
4447
7795
1877
4779
8251
3740
8980
8824
1459
6284
7892
6369
6909
657
4836
3530
5347
7617
1317
8420
8884
5015
8091
7318
5003
631
8587
6619
3083
8965
9059
4341
2391
5975
4694
8947
7911
5125
9925
5908
5219
8817
9883
1507
7250
4088
323
5706
2305
1151
5278
1643
7710
9520
8789
1302
1592
1561
7882
3960
7218
4467
3553
7768
4501
9841
5339
1414
1878
5873
1434
3200
7846
668
3515
5264
444
3711
1959
5841
4301
4950
827
8887
8557
6219
9817
7546
6832
3868
9571
6639
927
2431
1053
9093
9642
4434
8087
9612
2287
1250
6688
6176
7914
9392
361
1628
923
6500
5470
7764
4901
6340
3061
6537
4352
3116
8925
2919
5756
1087
4369
4990
939
5430
6170
4756
5628
2633
3074
7293
1041
5924
3184
3433
566
1767
8295
4174
2805
4713
8253
1685
2381
8602
9466
2819
3511
4685
5314
9450
9508
587
7057
8931
2982
6596
5654
5508
1969
5829
641
2213
4650
5206
5621
8825
3602
5543
4504
5522
3965
2713
7462
6907
7819
555
5184
3583
2751
387
7362
1968
922
3076
1661
9797
8664
674
8292
917
8369
8954
601
7287
3901
1430
4788
9248
5960
2999
4996
5074
9046
8613
3100
7985
5785
2898
1
299
8687
6234
664
7676
1239
4315
4011
9812
1692
8148
1109
8726
1788
7163
9273
6568
8455
7521
404
6344
9211
1953
1621
4532
6776
5921
9057
3227
9610
3455
9161
5437
3938
164
3871
2902
6557
1352
6326
4108
434
8078
3155
4374
7269
6469
2452
1725
9915
8831
4750
5135
5233
7357
3804
725
1724
7651
3084
8109
8001
2370
4346
1427
1264
9107
6625
4764
2638
9964
1359
8841
5986
6398
5064
7344
2832
7132
561
5723
9279
7599
2710
4465
6966
5675
4476
8697
4030
8458
8934
4649
6872
6510
1523
3365
9048
986
4284
3497
2448
3457
2000
3551
1486
8636
9628
5138
4799
5566
113
4454
2270
8845
8914
6086
441
7297
6766
6598
1073
4444
1484
6841
489
1797
9149
5456
4791
7175
2267
5686
4327
8086
9162
7506
919
8661
9348
3733
9533
5796
7128
673
1059
9723
7921
9869
1875
9947
6304
1909
6143
5069
2529
4872
7490
6765
3599
1743
5851
111
133
7536
5506
7891
103
4609
9146
869
9235
6297
5679
706
8681
1372
4182
7014
9640
8103
824
4392
6917
6910
2410
9623
6384
2325
2855
6001
154
3501
9259
9695
6421
7669
2734
275
52
54
5510
2860
6769
6771
4409
4115
7983
3861
3302
1541
3616
2023
1183
9410
1385
5915
2190
2011
717
8798
6731
1238
7187
7924
5896
7473
7927
6681
4536
6026
6252
7160
5365
3489
8554
8795
1829
2055
7575
6429
2737
5830
2350
4435
5944
8327
1209
7980
3102
8136
3949
3258
4151
5984
3311
5885
2596
1401
1237
759
4553
5439
4949
5309
8741
6888
5176
4617
9187
2221
7513
2674
7105
4342
583
8262
8460
8365
75
947
8108
6760
2573
6481
3237
2077
1899
6522
8075
124
9199
4238
680
7199
4586
3903
1766
5878
9926
1604
983
4614
2833
8195
1193
2683
9713
1207
8016
844
8321
8417
1497
3152
5680
3462
9769
6758
7229
9179
2212
9942
698
2965
5538
8299
9862
8684
5961
6893
3198
2986
9284
3825
8222
7818
4213
1998
1291
4898
6160
1944
6914
4712
2992
6383
1017
8651
727
1910
9054
7701
6887
7424
928
6797
6811
344
5382
5050
9527
3070
4578
6931
6744
74
1796
8753
5488
4574
2372
2236
9163
4739
1919
5822
5950
2994
2140
5267
8621
2769
7238
9006
6835
1646
445
134
8377
508
9285
6178
2718
9150
5542
8750
8730
7592
1162
4863
2964
9288
4382
581
1095
3244
9098
2158
8339
5644
2602
2882
4548
9952
2637
4425
3757
8035
3172
872
5374
1496
7690
3015
8323
6239
2793
209
3952
2042
688
9599
2880
6751
3143
2320
1700
4900
4746
4682
1936
1091
4892
2839
4013
8052
1387
1345
7210
910
2019
7959
2003
4726
7290
2087
1114
3305
9069
7309
5487
3390
8447
7472
7454
3738
6007
6356
9065
2170
9037
820
839
8782
1229
5191
450
5228
5114
9664
6329
6652
1275
6617
945
7391
5872
139
6141
5844
2917
2569
1946
8725
8277
7024
9167
6021
8077
1881
5600
9458
1044
4606
6097
2114
5892
3526
4914
1606
8732
3019
8024
8971
4262
3252
8239
1836
4977
8573
2145
996
380
5400
2324
951
9040
4526
2938
2643
5956
1227
3895
7837
8234
9514
3209
7531
2487
46
6052
8937
925
3250
7525
7248
1176
7289
6330
9918
6587
6623
5047
9521
8357
4195
50
3289
9022
6146
1133
135
2725
2401
5055
4581
8045
792
2963
4455
4153
5037
6838
147
2147
452
4572
1395
3354
4014
3150
6511
4469
1460
2820
4133
5801
1816
9078
1574
9002
9872
8449
467
6855
9936
9329
351
1595
7300
1614
8286
8196
2864
6757
6249
8792
9747
7621
5038
7823
6676
6674
9549
7109
2363
215
6982
6852
7517
165
3231
9708
3670
5169
2234
8421
728
4885
2465
4104
1975
4927
6373
8352
2904
4715
5432
1136
1295
3273
1954
8379
8395
7153
7677
3276
5351
6657
19
1513
1746
8508
4769
4915
8655
800
865
8097
9816
3890
3877
5086
6742
9434
5331
7982
5402
753
6647
6028
1286
6922
6173
4635
3636
4207
6103
1564
7660
4263
9760
9233
3028
8237
8599
8683
4039
346
2407
5657
3662
8663
1431
9751
6861
8797
9015
3187
3359
860
8551
3404
8488
3117
8711
841
766
9510
3328
5480
5783
7958
4995
627
3264
6840
2078
8304
5607
6597
304
1080
4347
877
5384
3947
7505
190
7607
1085
1896
7342
2997
7107
4849
2478
5774
8025
5813
5787
1504
2706
1248
3742
487
5869
5044
6110
1596
4343
8758
5674
3791
5788
8857
4607
5548
2800
8213
7612
2432
5283
2576
7486
2983
5343
3393
4952
4393
8038
5636
2509
3068
1771
2761
8791
2966
7943
3265
9210
5484
1598
97
9902
5483
7939
1794
1380
7967
3629
2914
3520
5301
8762
2072
7527
3504
9662
3057
2990
2702
2004
5442
5410
1215
9726
8094
8868
4634
1892
3205
1916
5225
7636
1389
639
8403
143
899
3040
2483
5214
4412
597
9507
4075
8371
65
2783
2881
9639
9515
4096
6701
3042
4886
7380
5601
5259
7213
7211
4889
9565
8231
7507
6029
3053
3204
2754
9439
2251
1428
3820
4748
1684
7123
7843
7940
3161
1296
4834
4541
2539
9807
3465
7641
4171
8242
8023
9998
8962
5913
8409
8571
671
2719
6202
933
2113
4324
9483
8833
1007
2915
6498
1218
8336
9303
7796
2559
6130
7127
7174
4193
2070
1473
4276
1867
4832
1185
895
8183
5217
3111
7445
7004
8680
2222
5524
6008
8806
6043
5659
6162
1664
6148
4098
4865
6152
6403
7110
2173
1321
6939
3448
2987
7186
1478
8406
8469
7194
1652
8310
8991
3341
4279
1638
9005
357
2272
9096
1738
119
118
7801
3821
8679
7152
4492
1084
2868
7432
7751
2563
2046
7919
8717
150
4700
9602
6885
7833
5560
8772
7168
3408
4209
10
670
7582
5799
8966
651
6970
4422
7483
7094
7164
7312
5230
3555
6686
9632
5695
8068
2726
4445
8019
8465
9070
550
1153
96
3572
8354
1358
1090
4531
1931
4535
9177
8839
5286
284
4979
3254
1491
4893
7060
7995
6320
8867
7529
3208
7324
5983
3063
977
5032
1534
4419
1572
3260
8193
146
3364
8266
1535
6289
4401
2010
4124
8147
7265
7465
362
7813
5275
5504
3073
654
7741
9876
8506
9993
116
493
8211
1245
1769
5806
2277
4930
236
1334
4220
2709
6762
8889
5903
8875
8866
9681
5
1565
1391
7184
8835
1666
5834
6314
6301
4937
9335
1801
6233
4071
7038
6636
8894
7230
439
9207
2955
5085
763
8626
6817
1560
997
7569
5967
568
1758
8161
4055
5611
2716
4592
9230
9204
699
1613
3174
8765
1906
2206
9155
5715
3288
2134
2942
7523
6678
6718
2789
2538
8986
552
6933
6343
7180
4062
3898
6540
3766
4400
6068
5375
6434
2491
7319
8275
7726
5764
2901
5567
6579
4070
1382
4281
3736
7538
2467
8391
5324
2546
8757
4316
551
9294
9657
4980
6262
7203
9965
5057
8079
777
6046
9790
2976
2941
3671
5042
5814
6889
9636
8396
6321
3256
5771
8504
7061
1966
4771
3275
2341
2649
7955
4247
7307
7355
9351
7784
3978
9904
309
4925
6810
6943
9650
4626
6878
3255
6226
9106
7618
6128
619
6711
3484
4613
2035
3098
3955
8890
2956
2179
3178
8280
8032
572
8643
9959
4154
1519
7197
9488
5381
251
6846
9699
17
5095
1301
26
8827
8202
2228
3628
2582
3407
2654
8197
815
2186
9849
5753
929
3917
5289
7540
7298
590
8133
2013
8854
3709
8864
1798
1804
3485
4926
4415
1399
2330
4418
9459
8034
3383
6516
6140
9412
9977
4589
2911
3924
9496
5199
354
1545
7742
8549
3953
7632
6342
3710
8338
8324
259
5583
8143
1986
5765
9130
2669
5310
2376
8700
2895
2850
4006
6626
9256
2558
8404
8514
5414
2514
736
7648
5989
3518
2302
8543
7629
5752
7860
9689
1871
5186
6607
6886
1393
9213
5438
5815
9400
6564
6965
4684
2310
9949
7282
6959
9678
7862
8220
5563
4899
2458
8618
8073
6053
2735
3927
5143
3879
3644
5195
6038
675
9863
5005
2561
6071
4510
7608
9219
7296
4161
3075
5931
5769
2413
9062
6802
3541
6555
2133
1324
1130
2685
6655
2102
7255
4624
9516
2788
8545
988
9239
4028
6269
6327
2199
784
7999
4303
1619
4616
4671
2060
1901
8082
2541
411
5619
848
6231
9089
4373
107
7557
1645
8547
6171
5098
7692
1376
2949
4631
3119
7382
6487
6083
4929
7151
3577
2625
8005
1225
4357
8411
5902
170
517
6976
2585
7182
4809
4688
2066
2185
6865
9
7019
8027
3649
162
293
8199
7879
1776
8828
2998
9168
5319
632
5216
3799
9913
4518
8392
8509
8113
2828
79
999
5821
2873
4677
6419
543
1607
8736
4854
8586
6228
562
3600
3291
9109
6185
7867
2774
4009
8733
7903
2978
6209
2322
8520
7822
2540
3018
1773
5720
9688
8904
6696
9868
200
7305
1629
6545
3148
9003
2497
8060
7466
7905
6554
4921
2441
797
9761
2164
1031
292
4003
7310
5065
7271
2404
6648
5298
8445
609
6268
7452
9821
3900
1817
6624
3099
8470
1161
4554
8706
5436
2369
6870
4103
7023
3812
1266
4054
7915
5745
461
6875
6946
2459
6723
9164
3818
3542
4557
5618
714
1520
8731
6482
184
6381
6283
7299
4405
31
8692
4197
8497
3444
2671
2729
5792
9576
3432
9090
8398
5144
7760
8640
4242
1018
8142
1329
8982
2218
966
3381
5476
9044
9622
109
8140
5955
4241
5793
3824
7231
3327
5236
1407
783
1553
1546
2972
5464
8754
6396
2390
5237
3428
8885
4067
2993
4449
8014
3493
9666
5409
8169
5072
6409
98
3994
712
13
5201
48
2210
5926
9444
6714
8909
3027
3005
174
6864
38
8542
8096
6663
9454
3614
911
7436
577
6055
4517
9837
560
7744
3431
2245
330
6935
3025
2096
142
4367
1093
2950
1583
4081
9394
8166
2194
9767
7721
2953
1702
1818
1544
1622
7033
1124
8002
4294
7668
4716
6248
5250
4148
5992
1755
3386
7331
748
3011
4861
4550
1964
4471
1470
5258
3705
2175
9165
6044
4486
155
9824
436
2129
4784
4923
7426
7066
7931
5102
5605
8941
5886
1649
5972
2308
9771
3412
2187
2069
9865
2550
9205
8442
2116
9847
962
3720
1658
7234
8870
2824
7088
964
9848
6414
348
9945
6085
4484
2016
9133
6282
2425
7048
6867
4128
9671
4305
8582
6060
8491
1210
8872
1365
5613
248
538
2299
9550
1001
8064
6586
7419
1342
9914
6879
9362
6967
400
8405
684
7909
3188
3031
5759
8650
1199
825
8585
2091
616
9603
1942
1127
3887
7771
7453
3249
9829
8498
6923
5028
6115
7244
6960
8150
4116
8796
3769
5622
1948
9407
2471
2038
3723
4145
6049
7679
9121
7661
2863
5043
8935
2071
9091
6727
5750
9021
2403
4275
4431
1734
9383
8003
4158
6547
3775
4596
7317
9361
9545
4724
4064
4413
9463
9144
5888
2931
396
3301
9172
9153
9420
1841
6267
8976
2282
1672
8022
653
6656
8844
6936
4366
808
2288
1644
3876
9773
2366
2265
8248
722
8300
1608
3974
4752
2473
6456
7444
5450
1710
1441
1106
6473
3998
1492
7878
1254
5779
7479
2215
2460
8314
8451
179
3295
2082
3356
8802
2763
7340
4539
9648
7400
953
6700
740
4270
2512
9799
3617
4457
2635
9443
4426
4428
2861
9226
2142
4662
2587
8539
3179
4045
8350
5454
9455
4224
8524
3750
8181
8625
2422
589
553
6378
8960
6825
3703
15
681
4560
5262
5907
9752
3374
2695
5256
59
7872
2045
6847
5348
9645
4733
3751
371
7447
2639
6577
3684
3634
5261
8172
5411
8329
8734
4001
3181
7291
5272
2951
1011
4513
2284
7573
7941
5197
1531
5235
5884
3576
1850
1421
5122
8095
2462
9593
4679
4290
3436
6589
6637
5708
1405
5160
5528
9337
7597
3735
2353
6486
547
3134
5729
1363
3335
1579
4118
4167
2597
3151
8727
8816
9880
8443
9995
7451
8419
2144
3023
3589
8745
8665
7901
4163
2379
8820
355
394
9017
5585
8693
4141
7800
6158
1347
1468
8981
2690
3077
9276
9388
7735
4681
8033
5665
6945
401
1096
3009
5136
2329
3290
4636
1016
533
530
9624
993
4164
4402
9815
9183
2095
7360
791
5514
2202
9633
5179
3517
7553
6546
9222
8031
9693
9395
3416
7519
2382
4391
5344
6118
4042
2544
2399
7188
4269
5285
8722
5836
9776
548
3681
3468
1277
810
4777
8318
5562
1500
5183
6961
2857
3259
2651
6983
1437
7723
3159
2841
8106
5995
9754
3892
5390
2536
5081
7219
7652
9893
5426
4500
9791
6104
5396
833
5544
1186
4149
9290
4843
3743
2818
4718
4456
8953
7780
5507
9894
8923
3470
5103
9371
9758
9469
4806
3271
4928
4537
3779
5519
166
8724
6019
5725
5266
1707
6426
2237
9720
4498
6106
9142
7774
4340
1213
4085
1420
6911
5818
3715
2137
936
6042
3721
4793
6411
7480
846
6518
8975
2932
1977
7750
4309
1865
4529
3213
9719
5909
7463
6245
6129
1052
6868
3635
6575
8059
5518
4802
4427
9745
3379
8388
9954
4166
7500
7401
7902
3590
613
9113
276
4503
9789
8198
2387
6640
770
6099
7077
2437
5564
5758
603
7349
5700
9564
7084
4600
7097
7283
4509
4753
4797
1786
6895
8325
7876
1601
8906
3414
3142
9426
4383
3105
6199
9306
6187
5973
8728
3326
6205
6786
3337
1736
9425
2672
3638
4790
6829
8536
478
5780
5218
1856
9938
3914
1835
4361
6543
4522
6461
4125
8778
9200
3344
4287
5211
2752
569
6332
4829
9888
5062
1456
1212
2394
295
3123
4597
7594
7541
9234
3516
6799
2110
9330
1742
971
7845
9522
4602
3695
2412
2224
240
5578
3222
7739
8370
7778
8995
2002
6824
1147
5846
6890
8580
3371
9513
9873
7747
8662
3685
407
433
6628
3059
7354
413
6561
3765
9352
6778
2593
3704
458
4887
3700
2981
7754
4110
2547
3277
4089
3494
9600
5357
6425
5105
6377
7686
8784
2698
3676
7725
1768
7762
838
4840
290
2816
1735
3584
9553
6455
9372
1754
5559
9267
1025
1717
9169
6313
4605
2862
3280
5493
8067
4882
372
2450
496
6823
8173
2301
4495
9030
5969
8366
9551
612
2089
3713
9846
8260
5155
5068
2750
7753
2765
1304
8028
6845
1181
6773
3423
9997
4591
6098
4095
337
9437
3333
2479
6912
8123
5315
8807
2235
1184
3101
4185
7074
8790
2605
451
5797
7895
7928
2711
7799
7286
80
9905
4738
324
1454
2241
4647
8808
9851
6900
4876
9447
9975
7274
7936
773
965
620
1570
3977
6509
1557
4204
2355
9826
181
5865
7734
4322
7659
6958
6642
7416
4695
8276
6041
429
5993
3864
2230
5368
6697
5987
9119
4091
9135
6067
1983
9326
9176
4839
8093
6191
9338
92
5520
5120
6089
2076
774
1556
1069
4533
6507
4820
4119
9137
8383
2712
6794
1081
5355
7752
900
3069
8399
2961
942
5554
8597
7301
2555
9621
7522
1593
1187
6120
7090
9470
2084
7773
253
9889
9154
9272
6223
4912
799
6536
9340
6618
6322
2156
1313
385
212
3095
9266
859
3443
1303
2741
1697
6779
1283
5196
2336
5847
4485
9191
6179
9568
6153
924
7067
8359
8512
916
2869
5901
8783
7410
9878
2776
3680
5772
9783
4831
7697
1071
5862
8676
9801
5472
5661
2033
5383
5341
440
6210
6439
3768
2474
3714
7897
4625
7724
9346
4873
7533
1062
6567
2614
6413
4265
9112
9787
1325
5407
5463
3017
5883
5153
5116
8434
9670
9218
308
4187
8319
7950
2274
3014
2589
8600
3498
5168
8837
7115
1472
3439
7615
9570
7087
1258
4261
3641
2700
3830
2332
9013
2311
6712
672
5835
7237
4008
6791
6318
6335
3764
8836
9988
2298
7917
369
3855
570
2530
4782
8699
8939
9784
2779
2775
7665
8915
5063
6523
4789
754
6272
2753
2107
34
2770
6821
6901
1479
7826
762
2694
3859
8160
6196
2044
6803
7542
7563
4053
5346
3049
1997
6113
3409
2502
474
3786
3274
6167
6645
2795
9724
3488
4172
7039
9588
7871
979
8826
2492
8454
16
1008
3737
3219
2662
1455
156
8521
3538
465
2300
6406
9714
5808
6515
1282
586
2172
5860
4255
8713
239
2439
7782
3345
6670
6364
5951
7294
6572
3175
6530
6159
6027
6691
6295
6430
1636
326
6015
3651
188
9733
7435
1522
7351
8561
4604
4608
8372
1022
6163
3941
4642
6181
3078
7821
4482
8569
1602
6994
9535
5164
3696
9257
9541
300
1719
3853
1089
6424
3437
1609
1760
9994
2566
5245
7609
7389
6260
7470
6896
2664
1929
1777
767
3814
6571
3716
3169
1362
7709
8746
4587
7644
8221
8604
6558
6011
4890
4137
5905
7082
8562
9858
4692
4339
780
1894
3580
5502
271
6897
9009
7098
7358
8415
7558
9912
9416
3132
2264
8438
4358
1440
3190
7076
352
4123
2848
280
2157
3975
9227
9028
9128
5517
8353
4741
3673
3631
9580
3419
1699
2152
3596
2973
6925
3316
9770
9334
8313
6180
3395
3533
3883
5145
7870
1104
1338
7954
8230
3689
1398
180
6989
148
3284
3429
6186
5861
1851
9482
7875
5369
8574
6973
7763
3688
7440
9131
8176
4293
2897
7938
5416
5748
7956
4333
5094
881
5243
6815
795
4198
7989
5990
8146
1673
8316
912
4298
6336
7093
9729
1200
9845
5704
492
8387
4017
3464
7896
7017
3570
8527
6690
3287
1305
9899
9436
5435
8026
856
6980
7815
8949
1823
2688
7645
507
694
5712
504
2436
7045
9711
397
1328
7326
5939
3002
7295
5549
981
1542
2318
4111
9047
1720
4430
4701
5014
227
8471
3348
7433
576
4005
8666
6517
1462
3639
5337
1343
7857
4958
9111
7190
5459
5350
8977
7526
9331
4243
2273
3435
9948
9011
8305
5280
5238
3789
1236
1610
883
1172
229
7224
1669
5123
4905
8457
5811
1086
9178
9686
4954
2799
305
9282
2745
9606
4083
4563
53
8740
423
1411
3425
9882
3262
4823
1577
420
6087
5161
7308
108
9805
6390
2802
8349
1379
4093
7975
6091
6102
2469
9932
9127
199
9209
909
9974
512
5823
6048
3661
4460
7485
3427
7814
9589
1476
5631
7111
585
3726
3034
9679
3126
524
1779
1026
4063
2567
5000
6349
7777
83
176
6919
2275
7722
9652
7461
7667
6789
2640
7347
5100
6807
828
9518
9418
480
8617
4942
1190
4717
1223
6285
6386
3702
1617
4744
5816
5985
9536
1287
2400
7236
6395
8224
7222
8367
7069
2109
4156
2180
4971
3739
4830
3790
5739
8190
4023
4178
713
4051
3884
3749
4212
6828
8332
5994
1360
1993
5281
7429
91
3176
24
5761
2151
1705
2051
2411
9471
3376
5034
448
9445
7202
9698
1687
4488
5802
2304
3922
9484
4564
3478
8192
6208
3753
4325
4721
2552
8050
2169
4860
2852
4120
2136
9367
6977
6630
5589
5140
6998
866
8481
1067
490
6856
9609
742
5210
978
2475
6441
5387
2658
7495
3113
2727
4814
5577
9901
2760
1568
9399
7587
7910
1435
3962
4450
8707
894
3624
6729
84
2661
6024
6122
8659
4940
2360
2836
3047
618
887
1826
7825
6881
6448
2652
4100
1552
6569
4989
4622
8902
5539
296
2331
1566
8480
8993
2433
3866
823
5746
3266
5496
1612
1480
5253
4356
4874
8689
7108
6319
4747
1054
7315
5391
360
3438
6090
1299
7405
1902
5083
2780
3694
4811
2912
768
904
114
9709
2493
9951
8450
6876
8774
7044
6280
9085
5418
9557
8475
197
648
1100
2409
9403
7411
1745
2326
7
7240
3857
40
4894
8201
9725
8630
5188
3300
5879
9854
2163
1853
4731
6649
37
949
6818
2629
8101
4567
1216
7930
1402
3979
7441
724
663
7732
4588
6334
2687
4962
9577
5599
2522
695
7696
5673
3321
3829
2883
501
9299
3144
2017
5768
2014
8685
2875
3103
3191
1314
4159
5744
6133
6184
5212
5371
9253
67
9000
4931
2468
5395
7559
8261
854
502
2068
7113
2192
169
4296
9050
6363
2910
5512
5568
6969
4436
1882
6119
1367
9058
4934
68
258
4993
77
2545
2356
2889
2926
3851
8973
5187
3268
6593
7497
1844
8010
45
6230
592
6370
9961
5345
8215
5897
9578
210
2239
4511
4883
6535
4766
527
6990
1170
9160
4493
4250
1262
8642
7306
5242
5820
2615
1783
1037
9843
7407
2721
76
3451
2668
5722
4691
1660
4331
3741
3637
5731
1143
7894
9319
5971
2351
1571
5925
4763
7080
1659
1525
6985
1475
4490
5809
7733
7165
8333
7456
4955
3881
7200
6745
6798
2506
6614
5525
454
3609
4727
4941
1626
7251
36
3153
9866
3232
249
3079
6788
7013
1930
7953
4136
4048
1168
9607
6819
5831
892
9808
9768
8397
8997
8648
659
8548
6387
2534
345
5582
2787
1874
6316
707
6418
2670
226
3842
5651
4749
1281
9635
4822
9668
4983
9785
1603
1807
545
8610
9344
7370
7887
1984
8781
4142
4686
8179
6950
1256
5287
3943
3186
594
3110
9323
7384
3270
3324
3693
5471
782
1897
9291
3603
9566
6608
6189
1822
6627
3394
2804
3770
4785
1956
3667
5691
1251
3880
5579
2098
1118
6508
6197
4680
9010
1555
506
9465
8210
5119
3691
8998
2884
4986
7243
4943
9540
3850
2944
4474
4489
2599
2790
2416
6750
8267
6553
7227
8446
1471
4807
5447
4776
6030
5429
9202
7352
5027
6531
8061
9919
5536
6684
2896
7998
3303
935
596
796
4328
4203
8441
5584
5029
5581
7040
1615
1426
5420
8141
1261
5711
9999
7000
4699
5359
3521
7642
8167
5251
8017
9255
286
4408
5590
3677
8463
7791
3869
6964
7487
4059
9830
6127
6169
4043
8227
2962
7508
1040
2167
8958
2283
332
8705
8892
6971
3899
3396
8922
4618
187
4991
7394
3055
3595
3557
8620
6736
3561
1293
2319
5742
598
8492
7016
8858
2907
1600
4311
9653
711
541
6801
7025
8102
6633
8691
6379
6410
3392
1744
7192
1990
7567
8464
9857
5087
2484
3686
4660
9728
289
529
7438
9080
4584
7375
2093
2335
2610
2291
3361
9008
2127
8639
4512
3646
9903
7007
595
1971
5996
3728
9406
8156
3816
2921
1681
201
3886
1116
1873
7101
2292
6000
8296
8859
9175
4743
9597
6704
2333
5623
5997
4975
4735
1838
8490
4689
9043
8794
1961
8144
790
4304
7484
4648
8486
5717
5867
1891
6804
7873
2124
2118
6256
549
9099
7638
3896
9967
2348
3912
4757
7336
2829
6884
4252
5784
7971
5760
3556
9737
2056
2759
7689
6741
3905
5737
3141
6975
1834
1369
2757
2482
1197
7273
4416
3156
6360
2359
1390
6147
367
3243
6137
9705
3039
6611
8273
4851
765
6552
7666
5377
6629
5354
7787
6079
1904
6195
7063
2438
5071
1920
5881
3569
6660
9716
4821
4838
9485
1244
2226
9803
4254
3647
6454
1890
737
4864
4736
1433
2371
1474
9363
1406
2703
7425
424
6883
3096
5882
7670
4669
1843
8822
1539
8175
1590
8200
5852
1412
5010
4973
9753
588
1662
2916
8564
49
3092
9067
8053
7580
8644
2708
6286
5323
3157
6100
6477
2948
6898
7139
2903
2714
3918
6401
8375
8425
2342
3873
831
7276
5474
1934
5317
2620
3545
3269
8880
4253
2293
9033
2223
5203
1494
3619
5946
8408
7147
8694
3894
6669
6444
8413
341
5091
5658
5991
8847
8605
1657
3013
2315
1012
9027
5117
6161
5732
8550
8515
2040
1450
2526
1260
9777
8768
7964
2939
8376
2974
1063
7143
2717
1013
5558
4060
6059
9638
3836
6221
1333
9654
9264
5427
7946
5697
4390
356
2250
8881
5596
8284
4025
4938
4176
1880
8290
9519
7528
3679
8851
2792
5192
3655
265
8721
370
2810
3549
7718
704
676
5296
2918
3923
6362
1805
6032
8042
491
781
3508
6620
5004
4335
8269
4687
7926
2396
9910
3608
389
1102
7005
6240
4555
2548
4562
9732
7049
9909
8579
9451
2908
3391
7320
3761
2989
3226
5917
2856
5604
374
5573
428
8013
7149
5162
7161
5743
2556
314
402
7468
8701
1272
4640
1098
1587
2960
5927
3281
2724
2813
4546
1222
3463
2193
8608
2364
5837
8174
4906
5340
6836
8729
3452
6464
1932
952
331
6076
7577
3500
3936
6422
1538
1782
5530
8444
4502
6787
758
3615
6101
9827
7877
51
9581
5108
1158
1965
6237
4813
2520
8472
9850
3882
6941
9473
3122
5775
5084
7494
6135
1028
9560
3534
4801
8896
3656
9225
1422
6877
3593
2050
378
2648
4406
9071
4751
9120
898
1149
3909
9501
1647
102
5682
6956
6468
5124
647
950
4755
2115
7794
2065
8567
4299
6358
1811
1076
4441
2312
8994
1980
2240
2995
9641
1105
6277
1912
7130
8493
625
9763
1569
9152
8526
4320
629
9895
9018
9368
4097
788
4024
2772
9245
4566
182
1806
1824
6095
1898
818
5431
7350
7700
7346
4818
2447
8431
7756
6303
982
8577
6077
9804
2261
4121
5274
8668
6309
1150
6004
1631
4528
7775
9481
3192
4827
2678
5373
358
1914
6770
5231
745
6317
2165
7172
5441
3460
980
944
2328
9431
9216
5857
622
71
5466
6539
3858
6121
2867
9414
2398
5838
9665
5855
7899
7749
3986
4661
2704
6692
3020
3332
2428
8440
8309
7885
1279
1135
2208
7997
6664
7568
6154
7850
5239
4508
1101
8603
1650
6437
5306
8433
3771
2073
4654
7402
3536
2843
8861
7155
2231
4481
8974
1148
3801
1221
9906
1722
3286
3692
5603
3832
9775
3762
7792
3754
3807
9396
8742
2553
2874
8138
8803
7198
6814
8400
8853
9596
8184
3357
7786
3426
3164
6582
9987
3856
2195
485
8006
6472
669
58
9529
5399
3112
2268
756
8660
9917
9743
8476
1958
4520
7611
5751
5874
747
8708
1775
6492
4859
4590
9511
6512
1177
8149
5052
6200
5587
6183
7220
3559
3793
2846
2006
4478
6661
4420
8346
6953
5529
644
3239
591
3217
5719
3367
2263
5107
3826
776
2744
2809
2646
172
2518
2591
4514
2209
9935
1792
8456
5406
7836
1489
138
6292
8265
9246
2146
2032
9897
5701
1812
7119
9116
642
2623
9885
5494
4464
3312
6785
8632
3719
3090
4147
4824
3926
5656
9349
5826
7313
4227
7195
9379
8756
9237
4345
9617
6761
6339
6790
2542
4144
8252
9674
5690
6002
2388
6562
943
8345
3044
4808
9364
5271
6926
7118
1635
379
2616
8667
8482
7096
8428
2996
5557
2229
6022
9569
140
6188
4274
7947
9900
7691
2666
1813
1458
3064
7610
6654
5777
9960
5683
3744
3167
405
6214
6957
1698
2991
486
460
2446
5974
7537
5633
4841
3505
2061
8813
9157
5489
3329
888
8055
7056
4186
483
8358
7028
8638
5001
5408
6722
4122
2767
7693
3822
7162
8092
9309
6069
6066
4150
582
9320
6992
4350
8401
7624
3806
6730
191
6748
8244
2645
1255
7245
9315
9634
6749
4630
7170
2005
455
6720
410
8972
7448
6132
3162
2827
1547
316
2130
2686
168
6264
301
1883
2613
3194
836
5053
3283
4160
9687
1915
4844
3707
9567
9242
4530
6136
8177
8084
3343
2743
1373
1234
9828
779
2876
9411
9316
28
406
7140
2675
6348
2316
3010
7181
8748
8628
3908
3785
21
5270
3405
3971
8334
5079
303
5025
7209
7913
8918
8112
1134
2570
6139
1540
761
6667
9353
6416
4976
1163
9941
2937
9924
3522
5940
3781
3760
4816
4480
3218
7807
9186
7302
7549
8330
6442
4768
2634
4384
29
6646
7705
2486
7403
9374
7524
8080
4438
3767
1014
3972
7960
9891
5132
1709
6995
7021
5770
4169
9108
5468
2498
5738
7640
7335
6834
376
2243
4935
729
3810
5449
7972
1926
7348
342
2347
1139
1578
5385
1108
732
9730
3317
4722
9682
5316
6246
772
3410
3499
2528
6236
328
6150
267
702
7952
1465
5632
7831
7225
4273
9625
2397
321
4105
805
1630
484
281
1064
5699
3845
3567
5932
8588
516
8004
7481
3550
7383
8328
2153
5075
2321
3234
4031
2495
4633
1999
8105
3445
7539
3650
7968
4223
7427
4580
843
5848
5213
3958
4038
9738
7570
2626
9853
7656
347
1763
6058
1413
5304
1436
7114
432
9221
2732
2232
7070
2238
3022
3797
8897
3434
4491
8361
9025
6728
1640
7961
3197
1945
9840
3358
2028
1876
1055
1126
4329
7035
3041
8326
4939
4982
6352
5022
5134
225
7785
5175
7675
7036
8930
7912
3346
2
8589
6671
6544
9660
273
8012
7122
4181
4728
4675
9819
5718
7613
3800
8393
7620
5362
9584
6685
4380
7177
4835
4237
5061
614
7554
6114
6
8657
8051
930
6497
3794
1191
998
7259
3446
3919
4228
5660
9813
7842
3140
9252
6151
4667
3050
7343
4783
6438
3665
6397
5147
2075
628
9646
8842
6412
6075
9278
4707
9896
1704
6948
3214
7757
4774
857
2430
973
9373
3548
9343
847
204
6724
7719
2257
8507
2692
9685
3481
5189
2259
662
5767
705
9898
6541
9955
6550
8933
7841
9123
6242
1830
5096
4907
6710
2408
6880
4230
1521
8616
4780
1703
8814
177
3368
4086
2128
9629
803
3687
3652
6013
8111
9270
2378
7808
9757
6707
7371
2524
1852
6777
4271
6784
9401
4601
7020
3024
1918
7372
4399
6346
1335
282
4595
1015
5899
7496
56
287
6299
5919
7027
2001
4139
3862
3798
5073
9734
1903
9497
4916
4521
1921
4515
2660
6323
5141
5713
5904
3682
4047
554
4951
2367
3171
2345
7423
4069
7840
1464
2764
8544
6431
9860
5417
2892
8389
4210
8219
8763
4828
7280
7708
9548
4052
531
6241
4130
30
2885
994
5541
4678
7548
5461
7698
5843
8865
5537
9296
9251
7858
8135
4377
8298
3309
3473
7012
5036
5523
9643
1714
2766
9825
7874
1366
2742
307
399
8130
2730
1667
2830
4794
6291
7866
2504
5030
1154
7737
7793
3827
2176
5419
3983
1259
8122
278
1057
1023
8860
43
8718
9342
6247
8268
272
7994
1112
7545
5018
5363
4041
5415
6375
6054
914
9174
1803
9478
5565
173
4205
8240
5257
7239
8125
3045
3127
8301
1655
5320
9547
2067
9656
8021
1749
6400
5118
2160
4966
1637
350
3336
475
3831
1092
6023
3607
8537
9031
876
3048
5104
9762
425
5614
5092
4432
4812
4244
8291
1374
2773
8062
7460
6393
3902
1375
8256
4547
8702
4825
2138
897
6826
1267
9811
9875
7206
3621
152
5922
4050
7075
86
4965
1978
3089
1728
655
9741
5707
802
9386
6972
9749
1752
129
6853
8312
9718
661
6679
4922
3233
3422
4558
6359
5923
6337
9981
6968
2334
4988
9877
1072
9350
8578
9103
1625
3980
6503
78
9676
3160
8895
9292
3246
9001
5130
6947
2280
2679
7157
3058
4016
3062
5252
8495
3382
6752
2242
7158
5269
5163
5608
734
3843
5845
6014
160
3963
6427
5128
4029
6480
5404
1827
7134
3320
395
8
2618
6222
4668
9673
2858
7330
710
8891
8907
7832
2967
2826
1733
3352
5521
3052
6392
6428
9115
7499
5194
266
408
2525
6227
3932
5640
57
4129
8850
6092
9391
2822
9238
3403
7847
5828
3946
7655
3582
3875
353
6837
9333
4002
786
7979
3872
1677
7740
9672
8739
5170
121
4458
2801
690
382
6217
5131
5757
4114
9706
7920
1204
6927
254
6238
7086
2406
4984
7627
3037
9076
5058
992
8805
3597
4708
8320
9381
4646
1386
6905
3531
7835
2049
4652
3699
2554
167
1327
7439
563
7252
1585
1810
5481
1527
1439
3377
6842
2343
95
6653
8635
5054
5173
2426
315
8302
1315
9019
9744
7421
4066
5099
7268
4970
3668
752
3351
7600
5006
476
1857
9592
6755
9802
6851
186
3981
968
6488
9007
5930
9604
3512
8787
2946
3706
8936
4967
2665
902
5330
237
5248
989
384
6858
1451
6278
3921
5854
3546
8054
3400
2782
319
94
1495
1859
5655
723
3331
4094
801
9601
600
6436
4033
7434
7520
7547
3870
4868
1392
7392
234
6981
1790
8205
9029
5505
6033
1045
488
7369
8154
6708
7934
7904
4201
5268
9890
1336
1173
2560
9064
5303
6737
855
4506
9083
1729
6578
2577
4985
4225
9300
130
9814
5914
7316
85
3519
2632
2594
544
7278
3780
256
3925
638
4963
5786
1791
4249
4524
1594
8207
5311
709
7478
2219
1060
4576
1987
3588
9039
4323
4815
8592
1502
9703
5807
6721
6873
7779
1140
1381
1070
3783
6984
1872
6942
9268
6134
9104
5893
9101
390
7685
972
1591
7628
6854
8484
932
5273
7715
1042
70
9297
1270
7136
5945
9978
9810
8424
2419
2361
8264
2253
5067
64
3620
7684
8341
3325
471
5970
1524
5405
2865
1341
277
3565
224
1678
9060
2565
2872
9667
7328
8799
8041
5929
9991
9611
8944
8120
9302
3612
3840
9756
8690
9702
556
3081
203
2296
1145
4953
8452
6978
260
4180
3562
1849
6331
918
2375
1842
1415
8584
6366
1482
3065
5154
5653
9755
7945
9647
3138
5178
9740
8127
6290
9615
4446
4219
9721
2627
7442
7137
1831
4168
8788
4068
6232
7376
6003
8555
3093
6495
6347
9697
7605
6974
2673
1586
9835
9212
7353
7388
6602
8436
6693
5887
1453
8132
9249
4267
8929
4348
6271
7965
1306
1138
87
4072
7141
2894
8212
6166
8378
6273
9871
5082
4534
311
1312
6859
7803
8596
1550
8308
2480
9475
6506
5185
3294
3865
837
7598
99
4981
5839
1182
2879
8601
1756
7647
5663
6717
2691
6899
7364
7368
9630
1220
9934
602
6462
9788
7041
6525
956
2289
2029
7916
1668
640
8921
1974
6658
4217
6493
7797
3360
7395
6638
9786
232
9449
2807
5361
8499
3060
6084
6109
9045
7590
9304
934
643
739
4948
5916
6408
9502
5935
388
4196
4932
7988
7125
1689
5662
9035
8800
9759
2309
691
6065
963
5598
3472
6250
2477
2922
3610
2217
128
5282
5167
1982
8229
5965
8629
1774
8384
861
8104
2125
6843
2823
1171
7695
4403
1957
7530
9587
926
9433
5152
8528
2009
1854
8712
7254
7363
8996
9884
5868
1858
4173
3080
6677
8139
9523
9141
8303
1597
8294
3
6062
3212
8560
2519
3778
9677
8511
4499
2269
8525
621
2572
4725
2191
9832
5810
3633
3094
509
1679
6144
2414
6631
5754
8985
8478
760
1309
9271
6138
9505
4032
7900
4355
3477
6566
417
7828
9181
1129
7071
683
9996
9644
8893
3618
9712
4027
6831
721
7476
4049
3166
8278
3297
7962
6929
3811
9053
7518
3796
1751
1537
3145
2461
3257
1188
3195
8755
1721
6502
7510
3456
3547
7653
4194
2252
665
7852
9265
8775
4497
7890
4475
8155
499
9375
6759
4385
8917
4019
6074
334
2123
9867
7731
5629
2135
5077
6056
3203
3467
9201
131
1371
2053
5490
1778
5853
6944
4911
2415
2943
2659
7923
4599
1976
5434
3418
435
7566
890
2684
9086
3385
2738
5876
88
3920
5895
3860
750
3224
3554
7321
2104
2155
3613
7555
4664
4761
5664
5333
995
6659
157
3021
1423
4155
5575
9214
4880
7564
1160
5234
7475
5891
4683
4919
4246
202
8924
3183
6988
3950
685
2247
4462
9658
1739
5499
2307
5423
7827
8083
4218
2395
9692
4999
8908
9446
5329
5115
8348
9683
3026
3097
6391
3490
7637
6328
7929
4319
340
5906
2535
9370
2817
9663
6706
2523
735
409
7579
1110
1311
4106
5928
8590
557
2279
4804
1131
4858
5988
6458
9195
5137
8496
4734
8556
9240
8570
9764
7562
804
5934
2141
7970
6830
1821
4442
498
2489
9929
359
7176
3669
6459
3929
2444
3961
605
7396
5643
2834
8477
8785
867
7743
9957
7458
9972
9855
7397
4200
1416
9038
3185
4295
9468
7616
5979
9289
5842
9441
8502
8819
4184
1164
2930
908
610
2421
687
2174
8675
6800
2313
9321
528
8916
2262
6072
5433
8501
5546
6255
3645
5789
798
196
8249
1035
5221
9360
3461
3777
9359
4157
7678
6702
6894
7851
7544
3182
245
4473
8568
9077
938
4056
4571
4666
1206
247
2621
4819
6591
222
9311
2794
8134
5121
5817
2595
5609
3072
6355
3469
7730
1354
9467
5106
7944
6025
2101
9325
115
3378
7261
2733
6190
4693
9963
4371
3940
8818
7630
5976
1624
4080
1094
4234
1860
5617
193
4702
2844
7241
4544
852
519
7869
7415
7167
8461
6258
6124
218
2900
2393
3948
2022
8919
6080
5051
4479
4354
6453
4729
4525
6892
9159
1726
4913
7856
2012
5284
1955
8566
5325
8347
3782
2958
4655
8607
2385
4440
8615
6263
3272
6165
178
2200
3322
6768
8848
3235
4439
505
9280
7918
7378
9365
7178
8015
6574
9823
4645
3683
2030
6447
2368
1010
9675
7138
6051
6570
7957
9528
6288
9184
6519
1665
9339
4902
6145
8423
4847
110
1117
335
8085
6116
954
3745
1917
3989
8157
9923
520
4306
9228
8439
8911
8838
7008
733
4552
3051
511
2036
649
3168
9992
1991
2586
6204
537
7711
4848
6057
9983
1488
1589
8178
2255
5968
8074
3834
8072
3000
9390
5804
775
5672
2936
4026
2423
5571
6538
7854
2286
8360
1833
2207
9056
6747
9591
8771
1201
1235
2154
652
2933
5812
7207
5180
5749
2564
5716
9831
567
1167
8812
4214
8007
5669
2731
8749
9404
4516
495
5060
3718
8288
1623
7865
840
2924
7327
7702
3503
262
2825
1123
3210
5827
3867
4519
270
7755
5790
7574
8594
7805
3375
1747
373
5443
959
4288
3937
1670
8394
7893
3675
7270
1663
806
8593
575
1481
7065
8163
5491
5046
2106
4375
1693
8611
2254
2205
9327
9105
4759
9486
8950
5041
6996
4239
8505
3729
8927
5002
2074
6081
5850
1208
3267
5698
6612
9627
4494
5156
5451
9696
35
89
8698
9971
8862
1988
3913
7333
7489
4020
7978
2663
3342
564
2909
2362
889
4703
4022
1712
946
6279
4283
4957
864
1927
8751
8715
3658
4846
6338
2100
3056
7367
469
4192
9094
1404
8158
3230
522
7420
5031
3363
8606
5709
4012
2607
6417
2699
3725
4131
4018
749
915
3784
2680
1257
5222
7257
9806
4221
6795
5595
8153
1249
578
2494
1515
4878
646
7606
5113
2601
4061
7095
2435
1224
7806
8943
1228
8720
5938
611
9074
5045
8677
3413
3496
1425
4754
4376
4338
4895
4933
7279
1443
8271
5151
5101
4656
101
8297
8466
901
5299
8983
8000
7011
5900
1632
7727
8882
4472
5800
497
9953
8767
1618
5597
7085
1322
5166
2445
7051
630
3038
9314
7745
302
3988
4786
1562
3510
9595
7026
9185
8468
1466
9556
5033
9196
3491
8208
7534
1683
2340
9818
7275
4162
2085
9852
2913
7332
3298
5495
8479
1300
5676
2168
6388
3581
6064
2103
7146
297
9613
2736
8957
1330
3792
6962
3537
5805
1924
7512
9794
4266
5040
1340
2048
9247
6433
1800
7263
5265
3440
4745
9886
7514
6156
8769
2352
2248
4637
2854
8534
2888
4538
1511
518
8510
2501
2418
987
4720
9138
1499
1795
9464
7614
2148
2746
906
4326
6031
9937
3450
3982
1461
3313
9874
437
325
9950
8723
9986
6275
4651
5825
7963
2957
834
6783
1503
5724
2815
3625
617
5277
3215
7150
7639
7810
5957
2954
5638
9208
4657
2420
9598
6715
9332
3748
8624
5602
8225
7221
9943
9651
3370
4696
1111
8311
2849
6993
3211
2443
534
6916
5642
9305
6556
1563
1370
3225
1408
738
3654
830
2628
2294
5424
3574
3199
7683
2290
957
6529
2791
7571
4709
1269
6270
4477
4611
8037
2285
8967
6465
1870
5637
4044
112
7811
5394
9263
1132
5012
1233
2024
3640
9129
2611
9075
2808
696
2899
6979
1240
5313
4632
18
5890
3653
3085
2778
8274
1107
6385
1718
9620
3091
6206
8448
9215
2183
937
5762
1349
1837
2453
4877
5593
1979
2374
5937
7412
9369
1099
5998
1529
7129
2877
3708
3752
9774
6904
9118
7680
3758
7654
5592
1432
8008
5920
